torch.Size([2, 5]) torch.Size([2])
tensor([[[[ 0.0000,  0.0000,  0.0000,  0.0000,  0.0000,  0.6704, -0.0495,
            0.6329, -0.1189,  0.1033,  0.3489,  0.4017,  0.0223,  0.1689,
            0.2939,  0.5185,  0.6977,  0.8000,  0.1610,  0.2823, -0.3184,
            0.9152,  0.3971,  0.8742,  0.4194,  0.5529,  0.9527,  0.0362,
            0.1852,  0.3734],
          [ 0.0000,  0.0000,  0.0000,  0.0000,  0.0753,  0.0000,  0.0000,
            0.0000,  0.0000,  0.3712,  0.0000,  0.0000,  0.0000,  0.0000,
            0.0000,  0.0000,  0.0000,  0.0000,  0.0000,  0.0000,  0.0000,
            0.0000,  0.0000,  0.0000,  0.0000,  0.0000,  0.0000,  0.0000,
            0.0000,  0.0000]],

         [[ 0.0000,  0.0000,  0.0000,  0.0000,  0.3872,  0.0000,  0.0000,
            0.0000,  0.0000,  0.4900,  0.0000,  0.0000,  0.0000,  0.0000,
            0.0000,  0.0000,  0.0000,  0.0000,  0.0000,  0.0000,  0.0000,
            0.0000,  0.0000,  0.0000,  0.0000,  0.0000,  0.0000,  0.0000,
            0.0000,  0.0000],
          [ 0.0000,  0.0000,  0.0000,  0.0000,  0.0026,  0.0000,  0.0000,
            0.0000,  0.0000,  0.1060,  0.0000,  0.0000,  0.0000,  0.0000,
            0.0000,  0.0000,  0.0000,  0.0000,  0.0000,  0.0000,  0.0000,
            0.0000,  0.0000,  0.0000,  0.0000,  0.0000,  0.0000,  0.0000,
            0.0000,  0.0000]]],


        [[[ 0.9811,  0.1498, -0.9936,  0.4403, -0.3918,  0.0000,  0.0000,
            0.0000,  0.0000,  0.0000,  0.3936,  0.6069,  0.1743,  0.4743,
            0.8579,  0.4486,  0.5139,  0.4569,  0.6012,  0.8179, -0.0264,
            0.8175,  0.9747,  0.4638,  0.0508,  0.2630,  0.8405,  0.4968,
            0.2515,  0.1168],
          [ 0.0000,  0.0000,  0.0000,  0.0000,  0.3852,  0.0000,  0.0000,
            0.0000,  0.0000,  0.1486,  0.0000,  0.0000,  0.0000,  0.0000,
            0.0000,  0.0000,  0.0000,  0.0000,  0.0000,  0.0000,  0.0000,
            0.0000,  0.0000,  0.0000,  0.0000,  0.0000,  0.0000,  0.0000,
            0.0000,  0.0000]],

         [[ 0.0000,  0.0000,  0.0000,  0.0000,  0.3701,  0.0000,  0.0000,
            0.0000,  0.0000,  0.3855,  0.0000,  0.0000,  0.0000,  0.0000,
            0.0000,  0.0000,  0.0000,  0.0000,  0.0000,  0.0000,  0.0000,
            0.0000,  0.0000,  0.0000,  0.0000,  0.0000,  0.0000,  0.0000,
            0.0000,  0.0000],
          [ 0.0000,  0.0000,  0.0000,  0.0000,  0.2482,  0.0000,  0.0000,
            0.0000,  0.0000,  0.0471,  0.0000,  0.0000,  0.0000,  0.0000,
            0.0000,  0.0000,  0.0000,  0.0000,  0.0000,  0.0000,  0.0000,
            0.0000,  0.0000,  0.0000,  0.0000,  0.0000,  0.0000,  0.0000,
            0.0000,  0.0000]]]])
