tensor([[[[ 0.0000,  0.0000,  0.0000,  0.0000,  0.0000, -2.6767, -2.4846,
            3.6351,  2.3431,  0.2066,  0.6978,  0.8034,  0.0447,  0.3377,
            0.5878,  1.0370,  1.3953,  1.6000,  0.3221,  0.5645, -0.6368,
            1.8304,  0.7942,  1.7483,  0.8388,  1.1058,  1.9055,  0.0723,
            0.3705,  0.7468],
          [ 0.0000,  0.0000,  0.0000,  0.0000,  0.1507,  0.0000,  0.0000,
            0.0000,  0.0000,  0.7423,  0.0000,  0.0000,  0.0000,  0.0000,
            0.0000,  0.0000,  0.0000,  0.0000,  0.0000,  0.0000,  0.0000,
            0.0000,  0.0000,  0.0000,  0.0000,  0.0000,  0.0000,  0.0000,
            0.0000,  0.0000]],

         [[ 0.0000,  0.0000,  0.0000,  0.0000,  0.7745,  0.0000,  0.0000,
            0.0000,  0.0000,  0.9801,  0.0000,  0.0000,  0.0000,  0.0000,
            0.0000,  0.0000,  0.0000,  0.0000,  0.0000,  0.0000,  0.0000,
            0.0000,  0.0000,  0.0000,  0.0000,  0.0000,  0.0000,  0.0000,
            0.0000,  0.0000],
          [ 0.0000,  0.0000,  0.0000,  0.0000,  0.0051,  0.0000,  0.0000,
            0.0000,  0.0000,  0.2121,  0.0000,  0.0000,  0.0000,  0.0000,
            0.0000,  0.0000,  0.0000,  0.0000,  0.0000,  0.0000,  0.0000,
            0.0000,  0.0000,  0.0000,  0.0000,  0.0000,  0.0000,  0.0000,
            0.0000,  0.0000]]],


        [[[-1.4615, -2.7380,  1.3376,  3.2952, -0.7836,  0.0000,  0.0000,
            0.0000,  0.0000,  0.0000,  0.7873,  1.2138,  0.3485,  0.9487,
            1.7159,  0.8972,  1.0278,  0.9137,  1.2024,  1.6358, -0.0528,
            1.6351,  1.9494,  0.9277,  0.1017,  0.5259,  1.6809,  0.9935,
            0.5030,  0.2337],
          [ 0.0000,  0.0000,  0.0000,  0.0000,  0.7703,  0.0000,  0.0000,
            0.0000,  0.0000,  0.2973,  0.0000,  0.0000,  0.0000,  0.0000,
            0.0000,  0.0000,  0.0000,  0.0000,  0.0000,  0.0000,  0.0000,
            0.0000,  0.0000,  0.0000,  0.0000,  0.0000,  0.0000,  0.0000,
            0.0000,  0.0000]],

         [[ 0.0000,  0.0000,  0.0000,  0.0000,  0.7403,  0.0000,  0.0000,
            0.0000,  0.0000,  0.7709,  0.0000,  0.0000,  0.0000,  0.0000,
            0.0000,  0.0000,  0.0000,  0.0000,  0.0000,  0.0000,  0.0000,
            0.0000,  0.0000,  0.0000,  0.0000,  0.0000,  0.0000,  0.0000,
            0.0000,  0.0000],
          [ 0.0000,  0.0000,  0.0000,  0.0000,  0.4965,  0.0000,  0.0000,
            0.0000,  0.0000,  0.0942,  0.0000,  0.0000,  0.0000,  0.0000,
            0.0000,  0.0000,  0.0000,  0.0000,  0.0000,  0.0000,  0.0000,
            0.0000,  0.0000,  0.0000,  0.0000,  0.0000,  0.0000,  0.0000,
            0.0000,  0.0000]]]])
